0
0
1
17
2
17
3
17
4
17
5
17
6
17
7
17
10945920
0
10945872
0
10945880
0
10945888
0
10945896
0
10945904
0
10945912
0
10945920
0
10945984
0
10945936
0
10945944
0
10945952
0
10945960
0
10945968
0
10945976
0
10945984
0
10946048
0
10946000
0
10946008
0
10946016
0
10946024
0
10946032
0
10946040
0
10946048
0
0
0
1
17
2
17
3
17
4
17
5
17
6
17
7
17
10945920
0
10945872
0
10945880
0
10945888
0
10945896
0
10945904
0
10945912
0
10945920
0
10945984
0
10945936
0
10945944
0
10945952
0
10945960
0
10945968
0
10945976
0
10945984
0
10946048
0
10946000
0
10946008
0
10946016
0
10946024
0
10946032
0
10946040
0
10946048
0
